User 0: [1, 2, 3, 4, 5, 6, 7, 8, 9, 10], Inverse:0
User 8201: [1, 2, 2, 2, 2, 2, 3, 3, 3, 3], Inverse:0
User 424: [1, 1, 1, 1, 1, 2, 2, 2, 2, 2], Inverse:0
User 14086: [1, 1, 1, 1, 1, 1, 1, 1, 2, 2], Inverse:0
User 3446: [1, 1, 1, 1, 1, 1, 1, 1, 1, 1], Inverse:0
User 14765: [1, 2, 2, 2, 2, 3, 3, 3, 3, 3], Inverse:0
User 9676: [2, 1, 3, 3, 3, 3, 4, 5, 5, 5], Inverse:1
User 5816: [1, 1, 1, 1, 1, 1, 1, 1, 2, 1], Inverse:1
User 3233: [1, 1, 1, 1, 1, 1, 1, 3, 2, 4], Inverse:1
User 9454: [2, 2, 1, 2, 2, 2, 2, 3, 3, 3], Inverse:2
User 19916: [1, 2, 3, 3, 2, 4, 4, 4, 4, 4], Inverse:2
User 2134: [1, 2, 1, 2, 3, 2, 3, 3, 3, 3], Inverse:2
User 13822: [2, 2, 1, 2, 2, 2, 3, 2, 3, 3], Inverse:3
User 10025: [1, 1, 3, 4, 2, 3, 4, 4, 4, 4], Inverse:3
User 1372: [2, 1, 4, 4, 3, 4, 5, 5, 5, 5], Inverse:3
User 2863: [2, 1, 2, 3, 2, 2, 3, 3, 3, 3], Inverse:3
User 11645: [1, 2, 2, 2, 3, 3, 3, 2, 3, 3], Inverse:3
User 9016: [2, 2, 2, 1, 2, 3, 3, 3, 3, 3], Inverse:3
User 18209: [1, 3, 5, 2, 4, 5, 6, 6, 7, 7], Inverse:3
User 8675: [2, 1, 3, 4, 3, 5, 4, 5, 6, 7], Inverse:3
User 832: [2, 3, 3, 1, 3, 4, 5, 5, 5, 5], Inverse:3
User 3033: [1, 3, 1, 2, 2, 4, 4, 5, 5, 5], Inverse:3
User 14983: [2, 2, 2, 1, 2, 3, 3, 3, 3, 3], Inverse:3
User 4970: [1, 2, 1, 1, 1, 1, 2, 2, 2, 2], Inverse:4
User 1285: [3, 3, 1, 2, 3, 4, 4, 4, 4, 4], Inverse:4
User 20495: [3, 3, 1, 2, 3, 4, 4, 5, 5, 5], Inverse:4
User 274: [1, 2, 2, 2, 2, 3, 3, 2, 2, 3], Inverse:4
User 447: [2, 3, 1, 4, 4, 4, 5, 4, 4, 5], Inverse:4
User 515060: [2, 3, 1, 4, 3, 3, 4, 4, 4, 4], Inverse:4
User 6568: [3, 1, 4, 4, 2, 5, 5, 5, 5, 5], Inverse:4
User 7950: [1, 4, 3, 2, 3, 5, 5, 5, 5, 5], Inverse:4
User 4041: [1, 2, 4, 4, 5, 5, 3, 5, 5, 5], Inverse:4
User 2274: [1, 1, 1, 2, 2, 1, 3, 2, 2, 3], Inverse:4
User 7: [1, 2, 2, 2, 2, 2, 1, 2, 3, 4], Inverse:5
User 11029: [1, 2, 1, 1, 1, 2, 1, 2, 2, 2], Inverse:5
User 82: [1, 3, 1, 2, 1, 2, 4, 4, 4, 4], Inverse:5
User 3812: [2, 1, 2, 2, 2, 3, 2, 3, 3, 2], Inverse:5
User 1391: [3, 2, 4, 4, 1, 5, 5, 5, 6, 6], Inverse:5
User 2754: [4, 2, 1, 4, 3, 4, 5, 5, 5, 5], Inverse:5
User 18444: [2, 3, 3, 3, 3, 1, 4, 4, 4, 4], Inverse:5
User 9769: [1, 2, 4, 4, 3, 2, 4, 4, 4, 5], Inverse:5
User 177: [1, 3, 3, 4, 3, 2, 4, 4, 4, 4], Inverse:5
User 7179: [1, 1, 1, 2, 2, 1, 2, 1, 2, 2], Inverse:5
User 17250: [1, 2, 1, 1, 1, 2, 1, 2, 2, 2], Inverse:5
User 17227: [1, 3, 2, 2, 2, 3, 4, 3, 3, 5], Inverse:5
User 8634: [3, 3, 2, 1, 3, 3, 3, 3, 3, 3], Inverse:5
User 18645: [1, 4, 2, 3, 3, 4, 6, 5, 8, 7], Inverse:5
User 574: [1, 2, 1, 1, 1, 2, 1, 2, 2, 2], Inverse:5
User 17763: [4, 1, 2, 3, 5, 6, 5, 7, 6, 8], Inverse:5
User 17838: [2, 1, 1, 4, 3, 4, 3, 4, 4, 4], Inverse:5
User 15271: [1, 3, 4, 1, 2, 5, 7, 6, 7, 7], Inverse:5
User 6856: [1, 3, 2, 2, 2, 3, 2, 3, 3, 3], Inverse:5
User 16880: [3, 3, 1, 2, 3, 4, 3, 4, 4, 5], Inverse:5
User 6938: [1, 2, 4, 4, 4, 5, 3, 4, 5, 5], Inverse:5
User 15633: [2, 2, 2, 3, 1, 2, 3, 3, 3, 3], Inverse:5
User 2046: [3, 3, 2, 1, 3, 3, 3, 3, 3, 4], Inverse:5
User 212313: [2, 3, 1, 1, 2, 3, 4, 4, 4, 4], Inverse:5
User 12388: [1, 2, 1, 2, 3, 2, 2, 3, 3, 2], Inverse:6
User 12583: [2, 1, 1, 1, 1, 2, 1, 2, 2, 2], Inverse:6
User 2650: [2, 2, 1, 1, 1, 2, 3, 3, 3, 3], Inverse:6
User 12719: [3, 2, 4, 1, 4, 3, 4, 4, 5, 5], Inverse:6
User 1772: [2, 1, 4, 4, 3, 6, 7, 7, 5, 8], Inverse:6
User 20240: [2, 1, 1, 1, 1, 2, 1, 2, 2, 2], Inverse:6
User 8416: [2, 2, 1, 1, 1, 2, 2, 3, 3, 3], Inverse:6
User 8642: [1, 4, 2, 2, 1, 3, 5, 5, 5, 5], Inverse:6
User 17326: [1, 3, 1, 2, 2, 4, 5, 5, 5, 4], Inverse:6
User 18766: [1, 1, 1, 3, 2, 1, 3, 1, 3, 3], Inverse:6
User 5076: [2, 1, 2, 3, 4, 4, 4, 4, 4, 3], Inverse:6
User 722: [3, 5, 2, 1, 4, 5, 6, 6, 6, 6], Inverse:6
User 6794: [2, 1, 1, 2, 1, 1, 2, 2, 2, 3], Inverse:6
User 4540: [5, 1, 2, 2, 3, 5, 4, 5, 5, 5], Inverse:6
User 13217: [2, 3, 1, 4, 5, 3, 5, 4, 5, 5], Inverse:6
User 4932: [2, 1, 1, 1, 1, 2, 1, 2, 2, 2], Inverse:6
User 10192: [4, 1, 2, 4, 3, 4, 5, 4, 5, 4], Inverse:7
User 1559: [2, 2, 2, 3, 1, 3, 3, 2, 3, 3], Inverse:7
User 1646: [1, 2, 3, 3, 4, 3, 5, 4, 4, 3], Inverse:7
User 218002: [1, 2, 6, 5, 6, 3, 4, 6, 6, 6], Inverse:7
User 8123: [3, 5, 1, 2, 4, 6, 4, 7, 7, 8], Inverse:7
User 19564: [2, 2, 3, 3, 2, 1, 3, 4, 4, 4], Inverse:7
User 19770: [2, 2, 1, 5, 3, 3, 6, 4, 5, 6], Inverse:7
User 8613: [3, 1, 1, 1, 1, 2, 2, 2, 3, 3], Inverse:7
User 8679: [2, 1, 2, 4, 4, 3, 4, 4, 3, 4], Inverse:7
User 18769: [1, 1, 2, 3, 3, 1, 2, 2, 3, 3], Inverse:7
User 17599: [2, 2, 3, 1, 2, 3, 4, 4, 4, 3], Inverse:7
User 18812: [2, 1, 4, 4, 4, 3, 3, 4, 4, 5], Inverse:7
User 6333: [1, 1, 3, 2, 3, 1, 3, 2, 3, 3], Inverse:7
User 5029: [2, 1, 4, 3, 4, 4, 4, 2, 4, 5], Inverse:7
User 18963: [1, 1, 2, 2, 1, 1, 2, 1, 2, 2], Inverse:7
User 15276: [5, 2, 3, 1, 4, 6, 5, 6, 6, 6], Inverse:7
User 5316: [1, 2, 3, 2, 4, 2, 3, 3, 4, 3], Inverse:7
User 4203: [2, 1, 1, 3, 1, 3, 1, 3, 3, 3], Inverse:7
User 15634: [4, 3, 2, 1, 4, 5, 4, 5, 5, 5], Inverse:7
User 5703: [3, 3, 1, 4, 2, 4, 3, 4, 5, 5], Inverse:7
User 5750: [1, 2, 2, 2, 1, 3, 3, 3, 3, 2], Inverse:7
User 3160: [3, 5, 1, 2, 4, 6, 9, 7, 8, 10], Inverse:7
User 14879: [1, 1, 3, 3, 1, 2, 4, 3, 3, 3], Inverse:7
User 11155: [3, 2, 1, 4, 4, 3, 4, 3, 4, 4], Inverse:8
User 12589: [1, 1, 3, 3, 3, 2, 4, 2, 3, 4], Inverse:8
User 2775: [4, 3, 1, 2, 3, 3, 3, 4, 4, 4], Inverse:8
User 2783: [1, 1, 1, 2, 2, 1, 2, 1, 1, 2], Inverse:8
User 11640: [1, 3, 5, 4, 2, 6, 3, 6, 7, 6], Inverse:8
User 10415: [1, 3, 2, 2, 2, 3, 2, 3, 2, 3], Inverse:8
User 20062: [3, 1, 3, 4, 4, 2, 4, 3, 4, 4], Inverse:8
User 59137: [3, 4, 4, 1, 4, 5, 2, 5, 5, 5], Inverse:8
User 9149: [5, 2, 1, 4, 4, 3, 5, 5, 5, 5], Inverse:8
User 10840: [1, 4, 6, 2, 4, 3, 6, 5, 6, 7], Inverse:8
User 18216: [3, 5, 1, 1, 2, 5, 4, 6, 7, 8], Inverse:8
User 18396: [4, 1, 3, 2, 2, 4, 3, 4, 4, 4], Inverse:8
User 18448: [4, 5, 1, 2, 3, 5, 4, 5, 5, 5], Inverse:8
User 8474: [3, 4, 2, 2, 1, 4, 5, 5, 5, 5], Inverse:8
User 20744: [2, 3, 4, 4, 5, 1, 7, 6, 7, 6], Inverse:8
User 9854: [1, 2, 6, 3, 4, 5, 8, 3, 7, 9], Inverse:8
User 3320: [2, 2, 3, 4, 4, 1, 4, 3, 4, 4], Inverse:8
User 117464: [3, 3, 2, 1, 1, 4, 5, 5, 5, 5], Inverse:8
User 15185: [3, 4, 2, 2, 1, 4, 4, 5, 5, 5], Inverse:8
User 766: [1, 2, 1, 1, 2, 1, 2, 2, 1, 2], Inverse:8
User 15111: [2, 1, 1, 1, 1, 2, 1, 1, 2, 2], Inverse:8
User 7958: [1, 2, 3, 6, 6, 4, 6, 5, 5, 6], Inverse:8
User 17947: [3, 1, 3, 3, 3, 4, 4, 4, 2, 4], Inverse:8
User 6795: [1, 2, 6, 4, 3, 2, 6, 5, 6, 7], Inverse:8
User 4200: [3, 6, 2, 1, 5, 4, 7, 8, 9, 10], Inverse:8
User 3205: [3, 3, 1, 1, 4, 4, 2, 4, 4, 4], Inverse:8
User 14611: [4, 6, 2, 1, 3, 5, 6, 7, 7, 7], Inverse:8
User 4611: [2, 1, 4, 5, 5, 3, 5, 5, 4, 5], Inverse:8
User 14688: [3, 4, 1, 2, 2, 4, 4, 5, 5, 4], Inverse:8
User 14652: [1, 2, 3, 2, 3, 2, 3, 3, 3, 2], Inverse:8
User 15965: [1, 6, 4, 3, 5, 2, 6, 6, 6, 6], Inverse:8
User 2171: [2, 4, 1, 1, 1, 4, 3, 4, 5, 5], Inverse:8
User 12273: [3, 3, 2, 1, 2, 3, 4, 3, 4, 4], Inverse:8
User 4957: [1, 4, 2, 3, 4, 4, 4, 5, 5, 3], Inverse:8
User 11007: [2, 2, 2, 1, 2, 3, 3, 3, 2, 2], Inverse:9
User 3774: [2, 3, 1, 1, 1, 3, 3, 2, 3, 3], Inverse:9
User 21: [4, 6, 1, 3, 2, 4, 5, 6, 6, 6], Inverse:9
User 12660: [2, 3, 4, 4, 1, 3, 4, 3, 4, 4], Inverse:9
User 3982: [2, 2, 2, 2, 2, 2, 3, 3, 3, 1], Inverse:9
User 12817: [1, 2, 5, 5, 4, 4, 5, 3, 5, 5], Inverse:9
User 11616: [1, 3, 3, 3, 3, 2, 3, 2, 4, 4], Inverse:9
User 11658: [5, 2, 3, 1, 5, 4, 4, 5, 5, 5], Inverse:9
User 9122: [4, 4, 2, 3, 1, 4, 5, 4, 5, 5], Inverse:9
User 19626: [1, 2, 4, 4, 4, 2, 2, 3, 4, 4], Inverse:9
User 184: [4, 4, 3, 2, 1, 4, 4, 5, 5, 5], Inverse:9
User 17423: [3, 2, 1, 1, 1, 3, 6, 4, 5, 6], Inverse:9
User 17556: [3, 3, 4, 2, 1, 3, 3, 4, 4, 4], Inverse:9
User 17600: [3, 3, 1, 4, 4, 3, 2, 4, 4, 4], Inverse:9
User 17730: [4, 2, 2, 1, 2, 3, 5, 4, 4, 5], Inverse:9
User 5280: [3, 3, 2, 1, 4, 3, 5, 4, 6, 4], Inverse:9
User 5380: [1, 1, 2, 2, 3, 1, 2, 3, 1, 3], Inverse:9
User 6882: [3, 2, 2, 2, 1, 3, 2, 3, 3, 4], Inverse:9
User 4246: [2, 3, 1, 2, 2, 3, 3, 3, 3, 2], Inverse:9
User 16896: [4, 5, 3, 2, 1, 6, 7, 8, 9, 10], Inverse:9
User 4315: [1, 3, 2, 3, 4, 2, 5, 3, 5, 3], Inverse:9
User 15659: [5, 5, 1, 2, 3, 5, 4, 6, 6, 6], Inverse:9
User 13143: [5, 4, 1, 2, 3, 6, 4, 7, 7, 8], Inverse:9
User 5908: [4, 4, 1, 1, 2, 5, 3, 6, 6, 6], Inverse:9
User 5909: [4, 3, 1, 1, 2, 4, 3, 4, 4, 4], Inverse:9
User 5955: [4, 4, 1, 5, 3, 2, 5, 5, 5, 5], Inverse:9
User 13404: [1, 4, 3, 6, 6, 2, 6, 6, 5, 6], Inverse:9
User 3368: [2, 3, 1, 1, 1, 3, 1, 4, 4, 4], Inverse:9
User 3554: [4, 3, 3, 2, 1, 5, 5, 5, 5, 5], Inverse:9
User 62: [2, 2, 2, 3, 2, 3, 3, 3, 3, 1], Inverse:10
User 12459: [1, 3, 1, 2, 2, 3, 3, 3, 3, 1], Inverse:10
User 1217: [4, 5, 2, 3, 1, 6, 9, 7, 8, 10], Inverse:10
User 13980: [2, 2, 5, 5, 3, 1, 5, 4, 5, 6], Inverse:10
User 12592: [3, 5, 1, 1, 2, 2, 4, 6, 5, 7], Inverse:10
User 3915: [2, 2, 1, 2, 2, 3, 1, 3, 3, 2], Inverse:10
User 1570: [3, 5, 2, 4, 3, 1, 5, 5, 5, 5], Inverse:10
User 1581: [4, 3, 2, 2, 1, 3, 4, 5, 5, 6], Inverse:10
User 10451: [5, 4, 1, 3, 2, 7, 6, 6, 7, 7], Inverse:10
User 1737: [3, 1, 1, 1, 1, 3, 1, 3, 3, 2], Inverse:10
User 11905: [1, 4, 3, 3, 3, 4, 4, 4, 2, 4], Inverse:10
User 9196: [2, 2, 1, 2, 1, 2, 2, 1, 2, 3], Inverse:10
User 18147: [4, 3, 1, 2, 1, 2, 4, 4, 4, 4], Inverse:10
User 318126: [1, 3, 2, 4, 2, 2, 1, 4, 4, 4], Inverse:10
User 319499: [6, 4, 3, 1, 2, 5, 6, 6, 6, 6], Inverse:10
User 8173: [2, 5, 1, 1, 3, 5, 5, 5, 5, 4], Inverse:10
User 19533: [2, 1, 1, 1, 1, 1, 1, 2, 1, 1], Inverse:10
User 18297: [4, 5, 1, 2, 1, 5, 3, 5, 5, 5], Inverse:10
User 18332: [2, 2, 3, 1, 3, 2, 3, 3, 3, 2], Inverse:10
User 9823: [2, 3, 6, 6, 1, 5, 6, 4, 6, 6], Inverse:10
User 7212: [2, 3, 1, 4, 4, 3, 4, 3, 3, 4], Inverse:10
User 18538: [3, 1, 2, 2, 2, 3, 2, 3, 3, 2], Inverse:10
User 16182: [5, 4, 5, 1, 2, 3, 6, 6, 6, 6], Inverse:10
User 468: [2, 3, 3, 2, 3, 3, 4, 4, 1, 4], Inverse:10
User 6144: [2, 4, 4, 5, 3, 1, 7, 6, 6, 8], Inverse:10
User 18892: [1, 2, 2, 4, 4, 1, 4, 3, 3, 4], Inverse:10
User 17689: [4, 2, 3, 3, 1, 4, 5, 4, 4, 4], Inverse:10
User 16488: [3, 4, 2, 1, 6, 5, 2, 6, 6, 7], Inverse:10
User 16440: [5, 4, 2, 1, 3, 4, 6, 5, 6, 6], Inverse:10
User 7904: [3, 4, 1, 2, 4, 2, 5, 5, 5, 4], Inverse:10
User 16639: [1, 3, 5, 5, 4, 4, 5, 2, 5, 5], Inverse:10
User 15400: [6, 3, 2, 4, 1, 5, 5, 6, 6, 6], Inverse:10
User 6779: [4, 4, 1, 2, 3, 5, 4, 4, 6, 4], Inverse:10
User 16910: [3, 4, 4, 2, 1, 2, 5, 5, 5, 6], Inverse:10
User 15556: [2, 5, 1, 3, 5, 5, 4, 5, 4, 5], Inverse:10
User 14203: [1, 1, 4, 4, 3, 2, 4, 4, 2, 4], Inverse:10
User 5636: [5, 6, 1, 3, 2, 6, 4, 6, 6, 6], Inverse:10
User 15606: [2, 4, 1, 2, 7, 3, 6, 4, 5, 8], Inverse:10
User 5749: [2, 1, 5, 5, 4, 5, 6, 5, 3, 6], Inverse:10
User 3120: [1, 1, 3, 3, 2, 2, 3, 2, 2, 3], Inverse:10
User 4692: [3, 5, 1, 2, 2, 4, 2, 5, 5, 5], Inverse:10
User 14692: [3, 5, 1, 3, 5, 4, 2, 5, 5, 5], Inverse:10
User 13438: [5, 7, 1, 2, 3, 6, 4, 8, 9, 10], Inverse:10
User 4834: [2, 1, 3, 3, 1, 2, 2, 2, 3, 3], Inverse:10
User 12312: [4, 4, 1, 1, 2, 3, 6, 4, 5, 6], Inverse:10
User 3656: [1, 2, 5, 5, 5, 2, 5, 3, 4, 5], Inverse:11
User 4998: [1, 1, 3, 3, 3, 2, 3, 2, 2, 3], Inverse:11
User 1060: [2, 6, 3, 5, 5, 1, 4, 6, 6, 6], Inverse:11
User 11070: [1, 1, 2, 2, 2, 1, 2, 1, 1, 2], Inverse:11
User 12377: [1, 1, 2, 2, 2, 1, 2, 1, 1, 2], Inverse:11
User 13669: [1, 1, 2, 2, 2, 1, 2, 1, 1, 2], Inverse:11
User 3794: [1, 3, 3, 3, 2, 4, 3, 5, 5, 2], Inverse:11
User 1143: [1, 1, 5, 5, 5, 2, 5, 3, 4, 5], Inverse:11
User 3796: [1, 2, 6, 6, 6, 3, 6, 4, 5, 6], Inverse:11
User 1154: [1, 1, 2, 2, 2, 1, 2, 1, 1, 2], Inverse:11
User 70: [1, 1, 3, 3, 3, 2, 3, 2, 2, 3], Inverse:11
User 97: [1, 2, 4, 4, 4, 2, 4, 2, 3, 4], Inverse:11
User 11341: [1, 1, 3, 3, 3, 1, 3, 2, 2, 3], Inverse:11
User 13963: [1, 1, 2, 2, 2, 1, 2, 1, 1, 2], Inverse:11
User 13940: [1, 1, 3, 3, 3, 2, 3, 2, 2, 3], Inverse:11
User 11295: [4, 6, 1, 3, 2, 6, 6, 6, 5, 6], Inverse:11
User 11246: [5, 2, 6, 1, 4, 3, 6, 5, 6, 6], Inverse:11
User 3989: [1, 1, 2, 2, 2, 1, 2, 1, 1, 2], Inverse:11
User 10061: [1, 1, 2, 2, 2, 1, 3, 1, 1, 4], Inverse:11
User 1413: [1, 1, 2, 2, 2, 1, 2, 1, 1, 2], Inverse:11
User 1472: [1, 1, 3, 3, 3, 2, 4, 2, 2, 4], Inverse:11
User 11598: [1, 1, 2, 2, 2, 1, 2, 1, 1, 2], Inverse:11
User 11488: [1, 1, 3, 3, 3, 2, 3, 2, 2, 3], Inverse:11
User 1535: [1, 1, 4, 4, 4, 1, 4, 2, 3, 4], Inverse:11
User 2888: [1, 2, 5, 5, 5, 3, 5, 3, 4, 5], Inverse:11
User 11606: [1, 2, 3, 3, 3, 2, 3, 2, 2, 3], Inverse:11
User 2931: [1, 1, 3, 3, 3, 1, 3, 2, 2, 3], Inverse:11
User 1619: [1, 2, 4, 4, 5, 3, 5, 3, 3, 6], Inverse:11
User 11640: [1, 1, 2, 2, 2, 1, 2, 1, 1, 2], Inverse:11
User 11753: [1, 1, 4, 4, 4, 1, 4, 2, 3, 4], Inverse:11
User 111821: [2, 3, 4, 1, 2, 3, 5, 3, 5, 3], Inverse:11
User 10626: [1, 1, 3, 3, 3, 1, 3, 1, 2, 3], Inverse:11
User 10605: [1, 2, 3, 3, 3, 2, 3, 2, 2, 3], Inverse:11
User 1911: [1, 1, 2, 2, 3, 1, 3, 1, 1, 3], Inverse:11
User 1943: [1, 1, 2, 2, 2, 1, 2, 1, 1, 2], Inverse:11
User 9009: [1, 2, 3, 3, 3, 2, 3, 2, 2, 3], Inverse:11
User 9026: [1, 1, 2, 2, 2, 1, 2, 1, 1, 2], Inverse:11
User 9148: [3, 3, 2, 2, 1, 3, 2, 3, 3, 4], Inverse:11
User 20223: [6, 4, 3, 2, 1, 5, 7, 7, 7, 7], Inverse:11
User 10966: [1, 2, 3, 3, 3, 2, 3, 2, 2, 3], Inverse:11
User 19420: [1, 1, 2, 2, 2, 1, 2, 1, 1, 2], Inverse:11
User 8283: [2, 1, 3, 3, 3, 2, 2, 3, 2, 3], Inverse:11
User 20637: [2, 2, 1, 1, 1, 3, 3, 2, 3, 2], Inverse:11
User 17089: [1, 1, 4, 5, 6, 3, 7, 5, 2, 7], Inverse:11
User 119773: [4, 5, 4, 1, 2, 5, 3, 5, 5, 5], Inverse:11
User 8424: [1, 2, 4, 4, 3, 2, 3, 3, 3, 4], Inverse:11
User 9773: [5, 2, 3, 1, 5, 6, 7, 7, 7, 4], Inverse:11
User 9776: [3, 7, 1, 2, 4, 7, 7, 5, 6, 7], Inverse:11
User 17245: [2, 3, 2, 1, 3, 2, 3, 3, 3, 2], Inverse:11
User 17249: [1, 1, 4, 5, 3, 2, 6, 3, 3, 7], Inverse:11
User 8560: [1, 2, 6, 6, 6, 3, 6, 4, 5, 6], Inverse:11
User 16076: [1, 1, 3, 3, 3, 1, 3, 2, 2, 3], Inverse:11
User 6046: [3, 6, 1, 3, 2, 4, 6, 6, 6, 5], Inverse:11
User 19991: [4, 4, 1, 2, 2, 3, 5, 4, 5, 4], Inverse:11
User 17461: [1, 1, 2, 2, 2, 1, 2, 1, 1, 2], Inverse:11
User 417: [1, 1, 4, 4, 4, 2, 4, 3, 3, 4], Inverse:11
User 7406: [1, 2, 3, 3, 3, 2, 3, 2, 2, 3], Inverse:11
User 456: [3, 2, 4, 4, 3, 1, 4, 3, 4, 4], Inverse:11
User 8759: [1, 1, 3, 3, 3, 1, 3, 1, 2, 3], Inverse:11
User 7473: [1, 2, 5, 5, 5, 3, 5, 3, 4, 5], Inverse:11
User 16253: [1, 1, 2, 2, 2, 1, 2, 1, 1, 2], Inverse:11
User 18888: [1, 1, 3, 3, 3, 2, 3, 2, 2, 3], Inverse:11
User 615: [2, 1, 1, 3, 2, 3, 3, 1, 2, 3], Inverse:11
User 8916: [1, 2, 3, 3, 3, 2, 3, 2, 2, 3], Inverse:11
User 18972: [3, 5, 1, 2, 4, 4, 4, 6, 5, 4], Inverse:11
User 6304: [1, 2, 5, 5, 5, 3, 5, 4, 4, 5], Inverse:11
User 5063: [1, 1, 3, 3, 3, 2, 3, 2, 2, 3], Inverse:11
User 5096: [2, 1, 3, 3, 2, 3, 3, 2, 2, 3], Inverse:11
User 7735: [2, 2, 5, 1, 4, 4, 5, 3, 4, 5], Inverse:11
User 6483: [1, 1, 4, 4, 4, 1, 4, 2, 3, 4], Inverse:11
User 16473: [1, 1, 2, 2, 2, 1, 2, 1, 1, 2], Inverse:11
User 15145: [2, 4, 3, 6, 5, 4, 1, 5, 6, 7], Inverse:11
User 5296: [1, 1, 2, 2, 2, 1, 2, 1, 1, 2], Inverse:11
User 15279: [1, 1, 2, 2, 2, 1, 2, 1, 1, 2], Inverse:11
User 16557: [3, 1, 2, 2, 3, 3, 2, 3, 3, 2], Inverse:11
User 16556: [1, 1, 2, 2, 2, 1, 2, 1, 1, 2], Inverse:11
User 17877: [5, 5, 3, 1, 2, 5, 4, 6, 6, 6], Inverse:11
User 14091: [1, 1, 2, 2, 2, 1, 2, 1, 1, 2], Inverse:11
User 14078: [6, 3, 1, 5, 2, 4, 8, 6, 7, 9], Inverse:11
User 16692: [4, 2, 3, 2, 1, 4, 2, 4, 4, 4], Inverse:11
User 415415: [4, 7, 1, 2, 3, 5, 3, 6, 7, 8], Inverse:11
User 16720: [5, 4, 1, 3, 2, 6, 3, 6, 6, 6], Inverse:11
User 6827: [1, 2, 4, 4, 4, 3, 4, 3, 3, 4], Inverse:11
User 5516: [2, 2, 1, 1, 1, 3, 1, 2, 2, 3], Inverse:11
User 4253: [1, 1, 2, 2, 2, 1, 2, 1, 1, 2], Inverse:11
User 14249: [1, 1, 2, 2, 2, 1, 2, 1, 1, 2], Inverse:11
User 15649: [3, 2, 4, 5, 4, 3, 1, 5, 5, 5], Inverse:11
User 4423: [1, 1, 2, 2, 2, 1, 2, 1, 1, 2], Inverse:11
User 5790: [4, 4, 2, 2, 1, 4, 3, 4, 4, 5], Inverse:11
User 14404: [1, 1, 2, 2, 2, 1, 2, 1, 1, 2], Inverse:11
User 5835: [1, 2, 5, 5, 4, 3, 5, 4, 4, 5], Inverse:11
User 15890: [4, 4, 1, 5, 3, 6, 6, 2, 6, 6], Inverse:11
User 14539: [3, 3, 3, 3, 1, 3, 2, 4, 4, 3], Inverse:11
User 5920: [1, 3, 4, 4, 6, 2, 5, 5, 5, 4], Inverse:11
User 13278: [4, 4, 1, 2, 4, 5, 5, 5, 5, 3], Inverse:11
User 15944: [3, 3, 1, 2, 4, 3, 4, 3, 3, 3], Inverse:11
User 3318: [1, 1, 2, 2, 2, 1, 2, 1, 1, 2], Inverse:11
User 2018: [1, 1, 3, 3, 3, 2, 3, 2, 2, 3], Inverse:11
User 3344: [1, 2, 3, 3, 3, 2, 3, 2, 2, 3], Inverse:11
User 12030: [1, 1, 3, 3, 3, 2, 3, 2, 2, 3], Inverse:11
User 13372: [1, 2, 6, 6, 6, 3, 6, 4, 5, 6], Inverse:11
User 14684: [2, 4, 3, 3, 2, 4, 1, 4, 4, 4], Inverse:11
User 15990: [1, 1, 2, 2, 2, 1, 2, 1, 1, 2], Inverse:11
User 4718: [3, 2, 1, 1, 2, 3, 3, 3, 3, 2], Inverse:11
User 3417: [1, 5, 2, 5, 6, 3, 6, 5, 4, 6], Inverse:11
User 13479: [3, 2, 2, 2, 2, 1, 3, 2, 3, 3], Inverse:11
User 14775: [1, 5, 2, 2, 4, 5, 3, 5, 5, 3], Inverse:11
User 23508: [3, 2, 1, 1, 3, 2, 1, 3, 3, 3], Inverse:11
User 2250: [3, 2, 5, 5, 5, 1, 6, 6, 4, 7], Inverse:11
User 12301: [5, 3, 4, 2, 1, 5, 4, 5, 5, 5], Inverse:11
User 4989: [4, 3, 1, 4, 4, 3, 2, 4, 5, 4], Inverse:12
User 96: [2, 1, 3, 3, 3, 2, 3, 2, 2, 3], Inverse:12
User 12647: [2, 4, 6, 1, 6, 3, 6, 5, 5, 6], Inverse:12
User 2695: [1, 1, 2, 2, 2, 1, 1, 1, 1, 2], Inverse:12
User 10090: [2, 1, 3, 3, 3, 2, 3, 2, 2, 3], Inverse:12
User 11395: [2, 3, 4, 4, 4, 4, 5, 1, 3, 5], Inverse:12
User 2776: [2, 3, 1, 1, 1, 3, 3, 2, 2, 3], Inverse:12
User 11501: [4, 3, 4, 1, 5, 2, 4, 4, 4, 4], Inverse:12
User 11539: [6, 5, 2, 1, 3, 5, 4, 6, 6, 6], Inverse:12
User 11679: [4, 5, 7, 1, 2, 6, 3, 6, 7, 7], Inverse:12
User 1665: [4, 5, 6, 1, 6, 3, 2, 6, 6, 6], Inverse:12
User 1709: [4, 6, 1, 2, 3, 6, 5, 7, 7, 5], Inverse:12
User 1795: [2, 2, 1, 1, 1, 3, 1, 3, 3, 2], Inverse:12
User 11826: [3, 4, 1, 1, 2, 4, 3, 4, 4, 3], Inverse:12
User 1934: [2, 5, 1, 3, 7, 6, 7, 6, 7, 4], Inverse:12
User 11917: [1, 2, 1, 1, 2, 2, 2, 2, 1, 1], Inverse:12
User 9060: [2, 1, 3, 3, 3, 2, 3, 2, 2, 3], Inverse:12
User 20144: [4, 2, 2, 6, 1, 5, 5, 3, 6, 6], Inverse:12
User 19228: [4, 7, 1, 2, 3, 5, 6, 7, 8, 5], Inverse:12
User 19214: [2, 4, 2, 1, 2, 4, 3, 4, 5, 2], Inverse:12
User 19287: [2, 1, 3, 3, 3, 2, 3, 2, 2, 3], Inverse:12
User 19264: [2, 7, 3, 2, 1, 5, 4, 6, 6, 7], Inverse:12
User 10971: [1, 1, 3, 3, 3, 1, 5, 2, 2, 4], Inverse:12
User 8089: [6, 2, 4, 1, 3, 4, 7, 6, 5, 7], Inverse:12
User 19407: [3, 3, 1, 1, 2, 2, 1, 3, 3, 3], Inverse:12
User 20479: [2, 4, 1, 5, 5, 5, 5, 4, 3, 5], Inverse:12
User 8185: [3, 4, 1, 2, 2, 4, 3, 2, 4, 4], Inverse:12
User 20653: [3, 3, 1, 4, 3, 3, 4, 2, 3, 4], Inverse:12
User 17016: [4, 4, 1, 6, 2, 4, 3, 4, 5, 6], Inverse:12
User 8442: [2, 2, 1, 1, 1, 2, 1, 1, 2, 2], Inverse:12
User 18411: [1, 2, 2, 3, 3, 3, 3, 2, 2, 2], Inverse:12
User 7193: [6, 5, 1, 2, 3, 6, 4, 5, 6, 6], Inverse:12
User 9887: [4, 5, 3, 2, 1, 5, 5, 4, 5, 5], Inverse:12
User 6141: [3, 4, 1, 4, 2, 4, 3, 4, 3, 4], Inverse:12
User 16258: [2, 4, 1, 5, 5, 5, 5, 4, 3, 5], Inverse:12
User 504: [2, 1, 3, 3, 3, 2, 3, 2, 2, 3], Inverse:12
User 17514: [2, 3, 3, 5, 3, 4, 4, 4, 1, 5], Inverse:12
User 604: [4, 1, 3, 3, 3, 2, 3, 3, 3, 3], Inverse:12
User 8908: [3, 4, 1, 2, 3, 5, 3, 3, 3, 4], Inverse:12
User 6321: [2, 2, 2, 3, 3, 2, 1, 2, 2, 3], Inverse:12
User 699: [1, 2, 6, 6, 6, 3, 7, 5, 4, 8], Inverse:12
User 6352: [3, 4, 3, 2, 4, 1, 5, 3, 5, 6], Inverse:12
User 15125: [2, 1, 5, 5, 5, 3, 5, 4, 4, 5], Inverse:12
User 6638: [4, 6, 1, 6, 2, 6, 3, 5, 6, 6], Inverse:12
User 6645: [1, 2, 3, 3, 3, 1, 3, 2, 2, 3], Inverse:12
User 4000: [2, 1, 4, 4, 4, 2, 4, 3, 3, 4], Inverse:12
User 6875: [1, 1, 3, 3, 3, 2, 3, 2, 3, 2], Inverse:12
User 6962: [5, 1, 3, 2, 6, 3, 6, 3, 4, 6], Inverse:12
User 13085: [2, 1, 4, 4, 4, 2, 4, 2, 3, 4], Inverse:12
User 13094: [4, 5, 1, 5, 2, 2, 5, 3, 5, 5], Inverse:12
User 13060: [3, 4, 2, 1, 2, 6, 2, 6, 5, 7], Inverse:12
User 13033: [1, 2, 4, 5, 6, 3, 5, 3, 4, 5], Inverse:12
User 715913: [2, 1, 4, 4, 4, 3, 4, 3, 3, 4], Inverse:12
User 14554: [3, 4, 7, 1, 2, 6, 4, 7, 5, 7], Inverse:12
User 15868: [2, 1, 3, 3, 3, 2, 3, 2, 2, 3], Inverse:12
User 4607: [3, 2, 4, 1, 4, 3, 2, 3, 4, 4], Inverse:12
User 3465: [3, 2, 5, 1, 5, 4, 5, 4, 4, 5], Inverse:12
User 2185: [1, 3, 4, 4, 4, 2, 4, 3, 3, 4], Inverse:12
User 3577: [1, 2, 4, 4, 3, 3, 4, 2, 3, 4], Inverse:12
User 12269: [1, 3, 3, 4, 3, 4, 4, 3, 4, 2], Inverse:12
User 11114: [3, 1, 2, 3, 2, 3, 3, 2, 3, 2], Inverse:13
User 1131: [4, 5, 1, 2, 3, 5, 4, 4, 5, 4], Inverse:13
User 12631: [5, 2, 1, 4, 3, 3, 4, 6, 3, 6], Inverse:13
User 12626: [3, 1, 4, 2, 2, 1, 4, 4, 4, 3], Inverse:13
User 1331: [5, 2, 3, 4, 3, 3, 1, 5, 5, 5], Inverse:13
User 2693: [3, 1, 6, 1, 5, 2, 6, 4, 4, 6], Inverse:13
User 12705: [1, 1, 3, 3, 3, 2, 3, 1, 1, 3], Inverse:13
User 11614: [2, 1, 4, 4, 4, 2, 4, 3, 2, 4], Inverse:13
User 12908: [4, 1, 3, 3, 3, 6, 5, 6, 6, 2], Inverse:13
User 11693: [4, 5, 1, 1, 2, 2, 3, 4, 4, 4], Inverse:13
User 11720: [4, 2, 1, 3, 5, 6, 4, 7, 7, 2], Inverse:13
User 11772: [4, 3, 5, 5, 2, 4, 1, 5, 5, 5], Inverse:13
User 10531: [4, 4, 1, 1, 3, 5, 2, 6, 6, 4], Inverse:13
User 11823: [4, 1, 5, 5, 2, 5, 5, 3, 4, 5], Inverse:13
User 10682: [1, 6, 5, 5, 3, 2, 4, 5, 6, 6], Inverse:13
User 10720: [5, 5, 1, 2, 3, 5, 6, 5, 6, 4], Inverse:13
User 119088: [4, 5, 5, 1, 2, 3, 4, 4, 5, 5], Inverse:13
User 20312: [2, 1, 3, 3, 3, 1, 3, 2, 2, 3], Inverse:13
User 18101: [4, 5, 3, 3, 1, 5, 2, 5, 5, 5], Inverse:13
User 9402: [2, 1, 4, 4, 4, 1, 4, 3, 3, 4], Inverse:13
User 8193: [3, 4, 2, 1, 1, 4, 2, 3, 4, 4], Inverse:13
User 18475: [2, 1, 5, 5, 5, 1, 5, 3, 4, 5], Inverse:13
User 19777: [1, 2, 7, 7, 6, 3, 8, 4, 5, 8], Inverse:13
User 16063: [4, 5, 3, 5, 1, 4, 2, 5, 5, 5], Inverse:13
User 9905: [2, 2, 3, 3, 3, 1, 3, 2, 2, 3], Inverse:13
User 8623: [3, 2, 2, 2, 2, 2, 1, 2, 2, 3], Inverse:13
User 8766: [1, 3, 5, 5, 5, 2, 5, 2, 4, 5], Inverse:13
User 685: [4, 3, 1, 2, 1, 4, 4, 4, 4, 3], Inverse:13
User 18993: [1, 4, 3, 3, 3, 4, 3, 4, 4, 2], Inverse:13
User 17654: [2, 4, 3, 5, 4, 4, 5, 4, 1, 5], Inverse:13
User 7729: [1, 2, 5, 4, 4, 3, 5, 3, 4, 4], Inverse:13
User 5160: [1, 4, 3, 4, 4, 2, 4, 3, 3, 4], Inverse:13
User 15140: [3, 7, 2, 5, 6, 4, 1, 7, 7, 7], Inverse:13
User 16523: [3, 5, 4, 2, 1, 5, 5, 2, 5, 5], Inverse:13
User 5285: [4, 1, 2, 2, 7, 3, 6, 5, 6, 4], Inverse:13
User 16595: [4, 4, 2, 1, 4, 5, 4, 6, 6, 3], Inverse:13
User 961: [2, 3, 4, 1, 4, 4, 4, 3, 2, 4], Inverse:13
User 6696: [3, 3, 3, 2, 4, 3, 1, 4, 4, 3], Inverse:13
User 115345: [1, 4, 2, 3, 4, 2, 4, 2, 4, 3], Inverse:13
User 14000: [4, 5, 3, 1, 6, 5, 7, 7, 2, 7], Inverse:13
User 16669: [3, 1, 1, 2, 2, 3, 3, 2, 2, 2], Inverse:13
User 6778: [3, 1, 4, 4, 4, 2, 4, 3, 3, 4], Inverse:13
User 4157: [2, 2, 3, 2, 1, 1, 4, 3, 2, 4], Inverse:13
User 5490: [1, 5, 5, 4, 3, 2, 5, 3, 5, 5], Inverse:13
User 114171: [2, 4, 1, 1, 4, 3, 4, 2, 3, 4], Inverse:13
User 15479: [3, 4, 2, 3, 4, 3, 4, 4, 1, 4], Inverse:13
User 5504: [5, 7, 1, 3, 2, 7, 4, 7, 6, 7], Inverse:13
User 13139: [2, 2, 3, 3, 3, 2, 2, 1, 3, 4], Inverse:13
User 4505: [2, 1, 4, 4, 4, 3, 4, 3, 4, 3], Inverse:13
User 5895: [4, 3, 3, 3, 2, 4, 1, 4, 4, 4], Inverse:13
User 13256: [2, 2, 3, 4, 4, 2, 1, 3, 3, 4], Inverse:13
User 13270: [3, 1, 5, 5, 5, 2, 5, 3, 4, 5], Inverse:13
User 5976: [6, 6, 1, 2, 5, 4, 3, 6, 6, 6], Inverse:13
User 13391: [2, 5, 3, 2, 1, 5, 5, 4, 4, 5], Inverse:13
User 12204: [5, 5, 1, 4, 2, 5, 6, 7, 3, 7], Inverse:13
User 4842: [2, 3, 4, 4, 4, 1, 4, 3, 3, 4], Inverse:13
User 4912: [1, 3, 4, 4, 4, 2, 4, 2, 3, 4], Inverse:13
User 13635: [4, 4, 2, 3, 1, 5, 3, 5, 6, 4], Inverse:14
User 1015: [2, 2, 3, 3, 1, 1, 3, 2, 2, 3], Inverse:14
User 3676: [1, 3, 4, 4, 4, 3, 4, 3, 2, 4], Inverse:14
User 11025: [4, 4, 2, 3, 1, 4, 3, 3, 5, 5], Inverse:14
User 1056: [4, 4, 1, 2, 3, 4, 3, 4, 4, 3], Inverse:14
User 11116: [1, 3, 4, 4, 4, 1, 4, 3, 2, 4], Inverse:14
User 3709: [1, 2, 5, 6, 8, 3, 7, 3, 4, 6], Inverse:14
User 1171: [3, 4, 3, 3, 1, 4, 4, 4, 4, 2], Inverse:14
User 1197: [4, 6, 1, 3, 2, 5, 3, 8, 5, 7], Inverse:14
User 11185: [2, 2, 1, 1, 1, 2, 2, 1, 1, 2], Inverse:14
User 31: [2, 2, 4, 4, 4, 1, 4, 3, 2, 4], Inverse:14
User 311253: [1, 1, 4, 4, 4, 3, 4, 2, 1, 4], Inverse:14
User 3971: [3, 4, 3, 2, 1, 4, 3, 4, 4, 3], Inverse:14
User 12740: [1, 1, 4, 5, 5, 2, 5, 3, 3, 4], Inverse:14
User 12892: [4, 4, 1, 1, 2, 4, 2, 4, 4, 3], Inverse:14
User 12869: [2, 2, 1, 1, 1, 2, 1, 2, 2, 1], Inverse:14
User 2809: [4, 2, 1, 1, 2, 3, 5, 4, 3, 3], Inverse:14
User 10306: [3, 1, 6, 7, 7, 4, 7, 2, 5, 7], Inverse:14
User 2972: [1, 1, 2, 2, 2, 1, 1, 2, 1, 1], Inverse:14
User 11794: [2, 2, 3, 3, 3, 2, 3, 1, 2, 3], Inverse:14
User 10396: [4, 4, 1, 2, 2, 4, 2, 4, 4, 3], Inverse:14
User 1761: [6, 6, 1, 2, 3, 7, 4, 7, 8, 5], Inverse:14
User 1819: [6, 6, 1, 2, 3, 6, 4, 6, 6, 5], Inverse:14
User 11983: [3, 1, 2, 6, 3, 5, 6, 4, 1, 6], Inverse:14
User 10619: [1, 5, 5, 4, 4, 2, 5, 5, 3, 5], Inverse:14
User 10618: [4, 4, 2, 1, 3, 4, 2, 3, 4, 4], Inverse:14
User 1972: [2, 2, 4, 4, 4, 1, 4, 3, 2, 4], Inverse:14
User 19171: [3, 1, 5, 5, 2, 1, 5, 3, 4, 5], Inverse:14
User 20148: [5, 6, 2, 3, 1, 6, 6, 6, 6, 4], Inverse:14
User 9102: [5, 6, 2, 6, 3, 1, 6, 4, 6, 6], Inverse:14
User 9121: [5, 6, 2, 1, 3, 6, 4, 4, 7, 6], Inverse:14
User 10870: [5, 5, 2, 4, 1, 4, 3, 5, 5, 5], Inverse:14
User 20416: [3, 1, 5, 5, 5, 1, 5, 2, 4, 5], Inverse:14
User 18107: [2, 4, 3, 3, 3, 1, 4, 4, 3, 3], Inverse:14
User 18179: [6, 6, 1, 2, 3, 6, 4, 6, 6, 5], Inverse:14
User 9447: [3, 3, 1, 1, 2, 3, 2, 3, 3, 2], Inverse:14
User 38150: [2, 4, 3, 4, 3, 4, 4, 1, 3, 4], Inverse:14
User 9490: [2, 3, 2, 2, 3, 2, 3, 1, 2, 3], Inverse:14
User 20530: [2, 2, 1, 1, 1, 2, 1, 2, 2, 1], Inverse:14
User 8348: [2, 2, 3, 3, 3, 2, 3, 1, 2, 3], Inverse:14
User 9723: [2, 3, 4, 4, 4, 1, 4, 2, 3, 4], Inverse:14
User 20711: [3, 3, 3, 3, 4, 2, 1, 3, 3, 3], Inverse:14
User 9945: [2, 2, 3, 3, 3, 2, 3, 1, 2, 3], Inverse:14
User 19948: [4, 4, 1, 1, 1, 3, 2, 4, 3, 4], Inverse:14
User 7338: [2, 2, 3, 3, 3, 2, 3, 1, 2, 3], Inverse:14
User 7379: [1, 3, 3, 4, 4, 1, 4, 3, 5, 2], Inverse:14
User 464: [4, 8, 1, 3, 2, 6, 7, 8, 8, 5], Inverse:14
User 8767: [4, 4, 2, 1, 2, 3, 2, 3, 4, 4], Inverse:14
User 7456: [4, 1, 6, 6, 6, 2, 6, 3, 5, 6], Inverse:14
User 7491: [2, 2, 1, 1, 1, 2, 1, 2, 2, 1], Inverse:14
User 8827: [3, 2, 5, 5, 5, 1, 5, 4, 4, 5], Inverse:14
User 16224: [2, 2, 3, 3, 3, 2, 3, 1, 2, 3], Inverse:14
User 15002: [2, 2, 1, 1, 1, 2, 1, 2, 2, 1], Inverse:14
User 18989: [3, 3, 4, 4, 3, 1, 4, 4, 2, 4], Inverse:14
User 15147: [4, 3, 2, 2, 5, 4, 6, 1, 5, 7], Inverse:14
User 855: [1, 2, 3, 4, 4, 2, 4, 2, 2, 3], Inverse:14
User 876: [5, 1, 4, 5, 2, 4, 5, 5, 5, 3], Inverse:14
User 15278: [4, 4, 1, 2, 2, 4, 3, 4, 4, 3], Inverse:14
User 15214: [6, 3, 2, 1, 5, 6, 4, 6, 6, 5], Inverse:14
User 6679: [2, 1, 4, 4, 4, 3, 4, 2, 2, 4], Inverse:14
User 16641: [2, 2, 4, 3, 4, 2, 1, 3, 3, 4], Inverse:14
User 4091: [4, 4, 1, 2, 2, 4, 3, 4, 4, 3], Inverse:14
User 117914: [6, 6, 1, 2, 3, 6, 4, 6, 6, 5], Inverse:14
User 14018: [3, 3, 1, 1, 1, 3, 1, 3, 3, 2], Inverse:14
User 6706: [5, 4, 3, 2, 1, 6, 5, 4, 6, 6], Inverse:14
User 14137: [5, 2, 4, 5, 3, 1, 4, 4, 5, 5], Inverse:14
User 16784: [2, 3, 1, 6, 5, 3, 2, 5, 4, 5], Inverse:14
User 6940: [3, 2, 6, 6, 6, 1, 6, 4, 5, 6], Inverse:14
User 6956: [2, 1, 5, 6, 6, 3, 6, 4, 5, 5], Inverse:14
User 3031: [5, 5, 1, 1, 2, 5, 3, 5, 5, 4], Inverse:14
User 15658: [6, 6, 1, 2, 3, 6, 4, 6, 6, 5], Inverse:14
User 4427: [2, 2, 3, 3, 3, 2, 3, 1, 2, 3], Inverse:14
User 15828: [2, 2, 1, 1, 1, 2, 1, 2, 2, 1], Inverse:14
User 4444: [3, 3, 1, 1, 2, 3, 2, 3, 3, 2], Inverse:14
User 5789: [6, 6, 1, 2, 3, 6, 4, 6, 6, 5], Inverse:14
User 15810: [2, 1, 4, 4, 4, 3, 5, 2, 2, 5], Inverse:14
User 3181: [4, 4, 2, 3, 3, 3, 1, 4, 4, 4], Inverse:14
User 14406: [2, 2, 1, 1, 1, 2, 1, 2, 2, 1], Inverse:14
User 4582: [1, 2, 5, 5, 4, 1, 5, 2, 3, 5], Inverse:14
User 15917: [3, 5, 1, 5, 2, 5, 5, 4, 3, 5], Inverse:14
User 5928: [2, 2, 1, 1, 1, 2, 1, 2, 2, 1], Inverse:14
User 3443: [1, 2, 1, 1, 2, 2, 1, 1, 1, 1], Inverse:14
User 2166: [4, 3, 1, 1, 2, 3, 2, 4, 4, 3], Inverse:14
User 13497: [2, 2, 2, 1, 1, 1, 3, 1, 2, 3], Inverse:14
User 12160: [3, 2, 7, 5, 8, 1, 8, 4, 6, 8], Inverse:14
User 4833: [4, 4, 2, 1, 4, 4, 5, 5, 4, 3], Inverse:14
User 13633: [4, 3, 2, 3, 1, 2, 3, 4, 3, 4], Inverse:14
User 4960: [2, 2, 1, 1, 1, 2, 1, 2, 2, 1], Inverse:14
User 3751: [2, 3, 2, 2, 2, 3, 2, 1, 3, 2], Inverse:15
User 22443: [4, 7, 1, 7, 2, 5, 3, 6, 6, 7], Inverse:15
User 1111: [5, 5, 1, 3, 2, 5, 3, 5, 5, 4], Inverse:15
User 3823: [4, 4, 2, 1, 3, 4, 3, 4, 4, 3], Inverse:15
User 3852: [5, 3, 2, 2, 1, 5, 3, 5, 6, 4], Inverse:15
User 3893: [4, 4, 1, 1, 2, 4, 1, 4, 4, 3], Inverse:15
User 11482: [5, 3, 4, 4, 2, 1, 4, 6, 4, 6], Inverse:15
User 2844: [5, 5, 2, 1, 2, 5, 3, 5, 5, 4], Inverse:15
User 2987: [5, 6, 1, 1, 3, 6, 4, 6, 2, 6], Inverse:15
User 1766: [4, 4, 1, 1, 1, 3, 2, 4, 4, 3], Inverse:15
User 1949: [5, 4, 2, 3, 1, 5, 4, 6, 6, 4], Inverse:15
User 19221: [4, 4, 2, 2, 2, 4, 1, 3, 4, 4], Inverse:15
User 20218: [1, 3, 5, 5, 5, 4, 5, 2, 2, 5], Inverse:15
User 20297: [4, 1, 4, 4, 2, 1, 3, 2, 4, 4], Inverse:15
User 19258: [5, 1, 6, 6, 6, 2, 6, 3, 4, 6], Inverse:15
User 8170: [4, 5, 2, 3, 5, 5, 1, 5, 3, 5], Inverse:15
User 19689: [3, 3, 1, 2, 1, 3, 2, 3, 3, 2], Inverse:15
User 19674: [6, 5, 1, 3, 2, 5, 4, 6, 6, 5], Inverse:15
User 17112: [4, 4, 2, 1, 2, 4, 3, 4, 4, 3], Inverse:15
User 8431: [3, 3, 2, 1, 2, 3, 2, 3, 3, 2], Inverse:15
User 18409: [5, 3, 2, 1, 5, 5, 2, 5, 5, 4], Inverse:15
User 19705: [3, 1, 6, 6, 5, 2, 6, 4, 4, 6], Inverse:15
User 7217: [6, 6, 1, 2, 3, 6, 5, 6, 6, 4], Inverse:15
User 18541: [5, 5, 1, 2, 4, 5, 3, 5, 5, 4], Inverse:15
User 28640: [4, 4, 2, 1, 2, 4, 3, 4, 4, 3], Inverse:15
User 8745: [4, 2, 6, 6, 6, 1, 6, 3, 5, 6], Inverse:15
User 18715: [4, 1, 4, 3, 3, 3, 4, 4, 4, 2], Inverse:15
User 551: [6, 6, 1, 2, 4, 6, 3, 6, 6, 5], Inverse:15
User 8885: [3, 3, 3, 2, 2, 4, 5, 5, 5, 1], Inverse:15
User 672: [3, 3, 1, 2, 2, 5, 4, 6, 7, 1], Inverse:15
User 756: [2, 2, 3, 3, 3, 2, 3, 2, 1, 3], Inverse:15
User 762: [1, 1, 4, 3, 3, 1, 3, 1, 2, 3], Inverse:15
User 6481: [5, 5, 1, 1, 2, 5, 4, 5, 5, 3], Inverse:15
User 852: [4, 6, 3, 6, 1, 5, 2, 5, 6, 6], Inverse:15
User 5215: [3, 3, 2, 1, 2, 3, 2, 3, 3, 2], Inverse:15
User 16526: [6, 6, 1, 2, 3, 6, 5, 6, 6, 4], Inverse:15
User 7992: [4, 1, 3, 2, 2, 4, 4, 3, 4, 2], Inverse:15
User 7986: [5, 4, 2, 1, 3, 5, 4, 4, 5, 4], Inverse:15
User 5353: [2, 2, 4, 4, 4, 2, 4, 3, 1, 4], Inverse:15
User 5467: [3, 3, 1, 2, 3, 2, 2, 3, 3, 2], Inverse:15
User 14173: [2, 3, 4, 4, 4, 1, 4, 3, 2, 4], Inverse:15
User 14175: [3, 3, 4, 2, 2, 1, 4, 2, 4, 4], Inverse:15
User 14271: [4, 4, 3, 2, 3, 5, 1, 5, 4, 5], Inverse:15
User 4418: [6, 7, 1, 2, 3, 8, 5, 8, 8, 4], Inverse:15
User 3102: [4, 5, 6, 1, 2, 3, 6, 5, 5, 5], Inverse:15
User 3114: [1, 3, 3, 2, 2, 2, 4, 1, 2, 4], Inverse:15
User 4495: [1, 3, 5, 5, 5, 4, 5, 3, 2, 5], Inverse:15
User 15751: [5, 5, 2, 1, 3, 5, 4, 5, 5, 4], Inverse:15
User 4531: [5, 5, 1, 1, 3, 6, 2, 6, 6, 4], Inverse:15
User 14568: [4, 6, 1, 3, 2, 7, 5, 6, 7, 4], Inverse:15
User 15851: [3, 4, 1, 9, 9, 5, 2, 6, 7, 8], Inverse:15
User 14691: [4, 2, 6, 6, 6, 1, 6, 3, 5, 6], Inverse:15
User 13410: [2, 5, 4, 1, 2, 5, 2, 3, 3, 5], Inverse:15
User 2107: [5, 5, 2, 1, 2, 5, 3, 5, 5, 4], Inverse:15
User 12129: [6, 4, 1, 1, 2, 8, 3, 7, 8, 5], Inverse:15
User 14801: [4, 5, 3, 4, 5, 2, 5, 1, 5, 5], Inverse:15
User 2208: [2, 4, 3, 4, 3, 4, 4, 3, 1, 4], Inverse:15
User 4891: [5, 6, 1, 1, 3, 7, 2, 7, 7, 4], Inverse:15
User 4933: [2, 3, 2, 3, 3, 2, 1, 3, 3, 2], Inverse:15
User 1140: [4, 4, 1, 2, 3, 4, 2, 4, 4, 2], Inverse:16
User 56: [2, 4, 3, 2, 3, 4, 3, 1, 4, 3], Inverse:16
User 2500: [3, 2, 6, 6, 6, 4, 6, 5, 1, 6], Inverse:16
User 1200: [3, 3, 2, 2, 1, 3, 2, 3, 3, 2], Inverse:16
User 1289: [2, 3, 2, 2, 2, 3, 2, 3, 1, 2], Inverse:16
User 11355: [6, 5, 1, 2, 2, 4, 3, 6, 6, 4], Inverse:16
User 1303: [5, 5, 1, 3, 1, 4, 5, 5, 5, 2], Inverse:16
User 2648: [4, 2, 3, 4, 4, 3, 1, 4, 4, 3], Inverse:16
User 12954: [2, 5, 1, 4, 2, 5, 3, 5, 5, 1], Inverse:16
User 2955: [2, 2, 5, 6, 6, 1, 6, 3, 4, 5], Inverse:16
User 2953: [6, 6, 2, 1, 4, 6, 3, 6, 6, 5], Inverse:16
User 1757: [3, 4, 4, 1, 4, 4, 2, 3, 3, 4], Inverse:16
User 10509: [5, 5, 1, 3, 4, 5, 2, 5, 5, 4], Inverse:16
User 1917: [2, 2, 3, 3, 3, 1, 3, 2, 1, 3], Inverse:16
User 19153: [4, 4, 2, 2, 1, 4, 2, 4, 4, 3], Inverse:16
User 10882: [5, 6, 1, 1, 2, 6, 6, 4, 6, 3], Inverse:16
User 9214: [2, 3, 4, 4, 4, 2, 4, 1, 2, 4], Inverse:16
User 20325: [3, 3, 2, 2, 1, 2, 3, 2, 2, 3], Inverse:16
User 119391: [6, 6, 3, 1, 2, 6, 4, 6, 6, 5], Inverse:16
User 9372: [3, 3, 2, 2, 1, 3, 2, 3, 3, 2], Inverse:16
User 20444: [5, 5, 1, 2, 4, 5, 4, 5, 5, 3], Inverse:16
User 20481: [4, 4, 1, 2, 3, 4, 2, 4, 4, 2], Inverse:16
User 9479: [1, 3, 2, 2, 3, 3, 2, 2, 3, 1], Inverse:16
User 18255: [3, 3, 4, 4, 4, 1, 4, 3, 2, 4], Inverse:16
User 19641: [4, 6, 2, 2, 3, 5, 1, 6, 4, 6], Inverse:16
User 19625: [6, 6, 3, 1, 2, 5, 4, 6, 5, 6], Inverse:16
User 134: [6, 7, 1, 4, 2, 7, 3, 7, 7, 5], Inverse:16
User 717257: [2, 4, 1, 1, 1, 4, 1, 4, 1, 3], Inverse:16
User 8656: [3, 3, 2, 3, 3, 1, 2, 2, 5, 4], Inverse:16
User 217315: [4, 4, 2, 1, 1, 4, 3, 4, 4, 3], Inverse:16
User 453: [4, 5, 2, 1, 3, 5, 3, 6, 5, 3], Inverse:16
User 6198: [5, 6, 3, 1, 2, 6, 4, 6, 6, 4], Inverse:16
User 17419: [5, 5, 2, 1, 1, 5, 3, 6, 6, 4], Inverse:16
User 6254: [7, 6, 1, 5, 3, 2, 4, 9, 8, 9], Inverse:16
User 17509: [1, 7, 4, 4, 6, 2, 5, 7, 7, 3], Inverse:16
User 8955: [6, 6, 1, 5, 3, 6, 2, 4, 6, 6], Inverse:16
User 17668: [4, 6, 3, 1, 6, 6, 6, 5, 2, 6], Inverse:16
User 16343: [5, 4, 1, 7, 3, 4, 2, 8, 8, 6], Inverse:16
User 15017: [4, 4, 1, 1, 3, 4, 2, 4, 4, 2], Inverse:16
User 15290: [4, 5, 2, 1, 1, 5, 3, 4, 5, 4], Inverse:16
User 15312: [1, 1, 3, 3, 3, 2, 3, 1, 2, 2], Inverse:16
User 6839: [7, 6, 1, 2, 4, 7, 3, 7, 7, 5], Inverse:16
User 16836: [4, 4, 1, 2, 3, 4, 3, 4, 4, 2], Inverse:16
User 14248: [4, 6, 3, 1, 2, 4, 1, 5, 5, 6], Inverse:16
User 6992: [7, 6, 2, 1, 3, 8, 4, 5, 6, 9], Inverse:16
User 5663: [1, 4, 3, 3, 4, 1, 4, 4, 2, 3], Inverse:16
User 15718: [1, 2, 4, 4, 4, 4, 4, 3, 2, 3], Inverse:16
User 13013: [3, 2, 2, 3, 2, 2, 1, 4, 4, 2], Inverse:16
User 15657: [2, 6, 5, 6, 4, 1, 5, 3, 6, 6], Inverse:16
User 15699: [2, 2, 2, 3, 3, 2, 1, 3, 3, 1], Inverse:16
User 5759: [6, 7, 2, 1, 4, 7, 3, 8, 8, 5], Inverse:16
User 15800: [4, 5, 4, 1, 3, 5, 2, 5, 5, 4], Inverse:16
User 15723: [6, 6, 2, 5, 1, 6, 3, 4, 6, 6], Inverse:16
User 4587: [4, 4, 2, 4, 3, 4, 5, 4, 4, 1], Inverse:16
User 4606: [4, 5, 2, 1, 5, 3, 5, 2, 4, 5], Inverse:16
User 5991: [3, 6, 4, 6, 1, 2, 5, 4, 5, 6], Inverse:16
User 4663: [2, 1, 4, 4, 4, 3, 4, 3, 3, 3], Inverse:16
User 4656: [3, 3, 4, 4, 4, 2, 4, 1, 3, 4], Inverse:16
User 13356: [2, 2, 4, 4, 4, 1, 4, 3, 1, 4], Inverse:16
User 12139: [4, 4, 1, 3, 3, 4, 3, 4, 2, 4], Inverse:16
User 12149: [5, 6, 2, 8, 3, 1, 7, 4, 7, 9], Inverse:16
User 4874: [2, 3, 2, 3, 2, 3, 3, 2, 3, 1], Inverse:16
User 2253: [6, 7, 2, 1, 3, 7, 5, 7, 7, 4], Inverse:16
User 1063: [3, 3, 2, 2, 2, 3, 1, 3, 3, 2], Inverse:17
User 13745: [3, 3, 4, 4, 4, 3, 4, 1, 2, 4], Inverse:17
User 12428: [3, 4, 3, 3, 3, 4, 1, 4, 4, 2], Inverse:17
User 10179: [4, 4, 3, 1, 2, 4, 2, 4, 2, 4], Inverse:17
User 10317: [2, 2, 4, 4, 4, 3, 1, 3, 2, 4], Inverse:17
User 11703: [4, 6, 1, 1, 3, 6, 4, 5, 6, 2], Inverse:17
User 10505: [5, 4, 1, 2, 5, 7, 4, 6, 3, 5], Inverse:17
User 10557: [4, 7, 3, 2, 7, 5, 1, 7, 7, 6], Inverse:17
User 20222: [6, 6, 2, 4, 1, 7, 3, 7, 7, 5], Inverse:17
User 210854: [3, 4, 1, 3, 4, 3, 3, 3, 4, 2], Inverse:17
User 18095: [3, 3, 4, 4, 4, 2, 4, 3, 1, 4], Inverse:17
User 19596: [1, 7, 5, 6, 7, 2, 7, 4, 3, 7], Inverse:17
User 20598: [4, 4, 1, 3, 2, 4, 1, 4, 4, 3], Inverse:17
User 9564: [5, 1, 6, 6, 6, 3, 6, 4, 2, 6], Inverse:17
User 19503: [6, 7, 1, 3, 2, 7, 4, 6, 8, 5], Inverse:17
User 17059: [1, 3, 6, 6, 6, 2, 4, 4, 5, 4], Inverse:17
User 17275: [5, 4, 5, 2, 1, 3, 3, 5, 4, 5], Inverse:17
User 8573: [5, 5, 1, 3, 4, 5, 4, 5, 5, 2], Inverse:17
User 8578: [4, 1, 3, 5, 2, 5, 5, 2, 1, 5], Inverse:17
User 919805: [3, 1, 6, 6, 5, 3, 6, 4, 2, 6], Inverse:17
User 18689: [5, 2, 5, 5, 3, 1, 5, 4, 4, 5], Inverse:17
User 8736: [4, 4, 2, 3, 3, 4, 3, 4, 1, 4], Inverse:17
User 6282: [3, 6, 4, 6, 6, 1, 6, 5, 2, 6], Inverse:17
User 636: [7, 3, 1, 6, 5, 4, 7, 7, 7, 2], Inverse:17
User 727: [5, 5, 2, 1, 4, 4, 3, 6, 6, 4], Inverse:17
User 15151: [3, 2, 2, 2, 3, 3, 1, 3, 2, 2], Inverse:17
User 15134: [2, 4, 4, 2, 3, 4, 4, 2, 1, 4], Inverse:17
User 806: [1, 4, 6, 6, 6, 3, 4, 5, 2, 6], Inverse:17
User 7955: [2, 4, 5, 1, 6, 4, 4, 4, 5, 3], Inverse:17
User 4085: [2, 4, 4, 1, 4, 1, 1, 2, 3, 4], Inverse:17
User 15355: [5, 3, 2, 1, 5, 5, 5, 4, 5, 2], Inverse:17
User 6726: [6, 3, 5, 1, 6, 6, 6, 4, 2, 6], Inverse:17
User 6814: [2, 1, 7, 7, 7, 3, 7, 5, 4, 6], Inverse:17
User 16867: [5, 5, 4, 1, 5, 3, 2, 4, 5, 5], Inverse:17
User 15596: [4, 3, 2, 4, 3, 3, 1, 4, 4, 3], Inverse:17
User 3022: [2, 2, 3, 3, 3, 2, 3, 1, 1, 3], Inverse:17
User 15639: [6, 6, 3, 2, 1, 6, 4, 7, 8, 5], Inverse:17
User 13074: [4, 4, 3, 3, 3, 1, 4, 2, 4, 4], Inverse:17
User 5839: [6, 3, 1, 6, 5, 4, 2, 5, 5, 6], Inverse:17
User 3298: [1, 3, 5, 5, 5, 3, 5, 2, 4, 4], Inverse:17
User 15892: [2, 6, 6, 1, 5, 6, 6, 4, 6, 3], Inverse:17
User 13202: [4, 5, 1, 5, 4, 2, 4, 5, 5, 3], Inverse:17
User 14868: [6, 6, 1, 2, 5, 6, 4, 6, 6, 3], Inverse:17
User 12260: [3, 3, 2, 2, 2, 3, 2, 3, 1, 3], Inverse:17
User 14886: [5, 2, 5, 4, 3, 1, 3, 4, 6, 5], Inverse:17
User 11004: [4, 7, 6, 2, 5, 1, 6, 3, 6, 7], Inverse:18
User 11089: [4, 4, 3, 1, 1, 4, 1, 4, 4, 2], Inverse:18
User 13871: [3, 3, 2, 4, 6, 2, 6, 6, 5, 1], Inverse:18
User 10011: [5, 2, 5, 1, 4, 5, 5, 5, 3, 3], Inverse:18
User 11397: [3, 3, 2, 2, 2, 3, 2, 3, 3, 1], Inverse:18
User 2781: [6, 6, 1, 2, 3, 6, 4, 6, 5, 4], Inverse:18
User 111586: [5, 5, 2, 3, 2, 5, 1, 5, 5, 4], Inverse:18
User 22960: [6, 6, 2, 5, 1, 6, 3, 6, 6, 4], Inverse:18
User 10507: [5, 3, 3, 1, 4, 4, 4, 5, 4, 2], Inverse:18
User 1852: [3, 3, 2, 2, 2, 3, 2, 3, 3, 1], Inverse:18
User 9151: [6, 7, 2, 3, 4, 8, 5, 9, 9, 1], Inverse:18
User 20374: [4, 4, 3, 2, 1, 4, 2, 4, 4, 3], Inverse:18
User 19360: [6, 7, 1, 1, 3, 7, 2, 5, 8, 4], Inverse:18
User 20364: [4, 5, 1, 1, 3, 4, 2, 4, 5, 2], Inverse:18
User 18149: [3, 3, 2, 1, 2, 1, 3, 3, 3, 1], Inverse:18
User 20584: [2, 3, 4, 3, 4, 4, 4, 3, 3, 1], Inverse:18
User 19541: [4, 4, 3, 1, 1, 4, 2, 4, 4, 2], Inverse:18
User 18219: [1, 5, 4, 4, 5, 5, 4, 2, 5, 3], Inverse:18
User 7035: [1, 4, 6, 6, 5, 2, 6, 3, 1, 6], Inverse:18
User 8492: [5, 6, 3, 2, 6, 1, 6, 5, 4, 6], Inverse:18
User 719812: [5, 3, 1, 1, 2, 4, 2, 4, 1, 5], Inverse:18
User 379: [5, 7, 4, 2, 3, 8, 1, 9, 10, 6], Inverse:18
User 18711: [5, 4, 3, 5, 1, 5, 4, 5, 5, 2], Inverse:18
User 6166: [6, 6, 5, 4, 1, 3, 2, 7, 7, 7], Inverse:18
User 7508: [5, 6, 1, 3, 3, 4, 7, 4, 2, 7], Inverse:18
User 17504: [2, 3, 5, 5, 1, 4, 5, 4, 4, 3], Inverse:18
User 15071: [5, 4, 2, 1, 5, 4, 5, 4, 5, 3], Inverse:18
User 5057: [4, 4, 1, 3, 3, 2, 4, 4, 4, 1], Inverse:18
User 16355: [3, 3, 1, 2, 2, 3, 1, 3, 3, 1], Inverse:18
User 7775: [2, 4, 5, 5, 5, 3, 5, 1, 1, 5], Inverse:18
User 16509: [4, 6, 5, 6, 6, 1, 7, 2, 3, 7], Inverse:18
User 5312: [3, 3, 1, 2, 2, 3, 1, 3, 3, 1], Inverse:18
User 5315: [2, 3, 3, 3, 3, 2, 1, 2, 2, 3], Inverse:18
User 14372: [3, 3, 2, 2, 2, 3, 2, 3, 3, 1], Inverse:18
User 4412: [6, 1, 5, 5, 6, 3, 6, 2, 4, 6], Inverse:18
User 3153: [4, 5, 2, 1, 3, 4, 3, 3, 3, 4], Inverse:18
User 15789: [5, 5, 1, 2, 4, 5, 3, 5, 5, 1], Inverse:18
User 4655: [3, 4, 6, 6, 6, 5, 6, 2, 1, 6], Inverse:18
User 2095: [6, 6, 1, 2, 5, 4, 3, 5, 6, 5], Inverse:18
User 13514: [3, 7, 4, 4, 1, 7, 2, 7, 6, 5], Inverse:18
User 12145: [3, 3, 2, 2, 2, 3, 2, 3, 3, 1], Inverse:18
User 3862: [6, 6, 2, 3, 5, 6, 4, 6, 6, 1], Inverse:19
User 10012: [1, 2, 3, 3, 3, 1, 3, 1, 1, 1], Inverse:19
User 1329: [5, 4, 2, 2, 3, 5, 3, 5, 5, 1], Inverse:19
User 10146: [4, 4, 5, 5, 3, 1, 5, 4, 2, 5], Inverse:19
User 11451: [4, 4, 5, 5, 1, 2, 2, 4, 3, 5], Inverse:19
User 1494: [5, 6, 2, 4, 4, 7, 1, 8, 8, 3], Inverse:19
User 611722: [7, 6, 2, 3, 1, 8, 4, 7, 7, 5], Inverse:19
User 1977: [4, 4, 2, 2, 3, 3, 3, 4, 4, 1], Inverse:19
User 19102: [4, 1, 3, 3, 3, 4, 3, 2, 1, 4], Inverse:19
User 19172: [5, 5, 1, 4, 5, 4, 2, 5, 5, 3], Inverse:19
User 10794: [2, 4, 4, 4, 3, 1, 4, 3, 1, 4], Inverse:19
User 20435: [4, 4, 3, 3, 2, 4, 1, 4, 4, 3], Inverse:19
User 9640: [4, 2, 5, 5, 5, 5, 1, 5, 4, 3], Inverse:19
User 19817: [7, 8, 2, 1, 4, 6, 3, 9, 8, 5], Inverse:19
User 8698: [3, 3, 2, 2, 2, 3, 3, 3, 1, 2], Inverse:19
User 316132: [2, 3, 3, 3, 2, 3, 1, 3, 2, 2], Inverse:19
User 17562: [4, 4, 2, 3, 3, 4, 1, 3, 4, 3], Inverse:19
User 18881: [6, 5, 2, 1, 6, 4, 5, 5, 3, 6], Inverse:19
User 5118: [4, 4, 2, 2, 2, 3, 4, 3, 1, 4], Inverse:19
User 116482: [1, 2, 6, 6, 5, 1, 6, 4, 3, 4], Inverse:19
User 4322: [6, 6, 4, 5, 3, 1, 6, 2, 6, 6], Inverse:19
User 15696: [5, 6, 3, 4, 2, 5, 1, 6, 4, 6], Inverse:19
User 5882: [5, 5, 4, 2, 1, 5, 2, 5, 5, 3], Inverse:19
User 14591: [5, 5, 2, 2, 2, 3, 4, 5, 5, 1], Inverse:19
User 13531: [4, 4, 4, 1, 5, 2, 5, 3, 3, 4], Inverse:19
User 3503: [5, 5, 1, 2, 3, 5, 4, 4, 5, 2], Inverse:19
User 14977: [3, 2, 3, 2, 3, 2, 3, 2, 3, 1], Inverse:19
User 14965: [3, 2, 3, 3, 3, 2, 1, 2, 2, 3], Inverse:19
User 13564: [4, 4, 1, 1, 4, 4, 4, 2, 3, 3], Inverse:19
User 11006: [5, 5, 3, 4, 2, 5, 1, 5, 5, 3], Inverse:20
User 10119: [3, 3, 4, 4, 4, 1, 3, 2, 2, 4], Inverse:20
User 1498: [1, 6, 4, 3, 5, 6, 4, 1, 6, 2], Inverse:20
User 10194: [4, 4, 2, 3, 2, 4, 2, 4, 4, 1], Inverse:20
User 2887: [5, 2, 8, 3, 6, 1, 7, 4, 2, 8], Inverse:20
User 2976: [3, 5, 5, 5, 4, 5, 1, 4, 2, 5], Inverse:20
User 11879: [1, 5, 5, 4, 5, 5, 3, 5, 2, 3], Inverse:20
User 10659: [5, 5, 4, 3, 2, 5, 1, 5, 5, 4], Inverse:20
User 318598: [4, 1, 3, 3, 4, 2, 4, 2, 2, 3], Inverse:20
User 7291: [3, 3, 1, 2, 3, 3, 2, 2, 2, 2], Inverse:20
User 118635: [4, 4, 3, 3, 3, 2, 4, 4, 4, 1], Inverse:20
User 16100: [5, 5, 4, 5, 3, 1, 2, 5, 4, 5], Inverse:20
User 16370: [4, 5, 3, 3, 3, 5, 1, 5, 5, 2], Inverse:20
User 15023: [4, 4, 3, 4, 2, 1, 2, 4, 4, 3], Inverse:20
User 5270: [2, 1, 4, 5, 4, 3, 3, 2, 1, 5], Inverse:20
User 15709: [4, 4, 1, 4, 3, 3, 2, 4, 4, 2], Inverse:20
User 4440: [5, 5, 3, 3, 4, 5, 1, 5, 5, 2], Inverse:20
User 5850: [2, 3, 6, 6, 6, 4, 6, 4, 5, 1], Inverse:20
User 3324: [2, 6, 5, 1, 4, 6, 5, 3, 3, 5], Inverse:20
User 4800: [1, 3, 4, 4, 4, 4, 3, 2, 2, 3], Inverse:20
User 2396: [5, 3, 4, 1, 5, 4, 4, 4, 4, 2], Inverse:21
User 11636: [4, 4, 1, 3, 4, 3, 3, 3, 4, 2], Inverse:21
User 112976: [5, 5, 2, 3, 4, 5, 4, 5, 1, 4], Inverse:21
User 10295: [2, 4, 3, 3, 3, 4, 3, 1, 1, 3], Inverse:21
User 2961: [5, 4, 2, 1, 3, 4, 3, 4, 3, 3], Inverse:21
User 1652: [1, 7, 6, 3, 5, 2, 7, 1, 4, 6], Inverse:21
User 10530: [5, 6, 4, 1, 2, 4, 6, 6, 4, 3], Inverse:21
User 10544: [6, 5, 4, 3, 2, 6, 5, 6, 6, 1], Inverse:21
User 10864: [7, 4, 6, 1, 7, 5, 3, 7, 7, 2], Inverse:21
User 19284: [2, 2, 3, 4, 5, 2, 4, 2, 2, 1], Inverse:21
User 9200: [7, 5, 1, 4, 6, 5, 3, 8, 8, 2], Inverse:21
User 19413: [2, 5, 4, 4, 4, 1, 4, 5, 3, 3], Inverse:21
User 9429: [3, 4, 5, 5, 5, 5, 5, 2, 4, 1], Inverse:21
User 8527: [2, 5, 4, 3, 3, 5, 1, 5, 4, 2], Inverse:21
User 15087: [4, 7, 6, 1, 3, 7, 2, 5, 2, 7], Inverse:21
User 4303: [3, 3, 1, 2, 3, 1, 2, 3, 1, 2], Inverse:21
User 15701: [2, 3, 3, 3, 3, 2, 3, 1, 2, 2], Inverse:21
User 5934: [5, 4, 5, 5, 2, 5, 1, 3, 6, 4], Inverse:21
User 2153: [1, 6, 5, 4, 6, 3, 6, 4, 2, 5], Inverse:21
User 10647: [5, 4, 4, 2, 3, 4, 1, 5, 5, 2], Inverse:22
User 9193: [6, 6, 4, 5, 3, 6, 1, 6, 6, 2], Inverse:22
User 9613: [5, 3, 8, 7, 6, 1, 7, 4, 2, 8], Inverse:22
User 28543: [2, 3, 3, 3, 2, 2, 2, 3, 2, 1], Inverse:22
User 17304: [6, 4, 1, 6, 6, 5, 2, 3, 5, 5], Inverse:22
User 8705: [1, 5, 5, 5, 4, 5, 4, 5, 3, 2], Inverse:22
User 8749: [3, 3, 4, 3, 2, 1, 3, 1, 2, 4], Inverse:22
User 16298: [5, 6, 4, 3, 5, 1, 6, 2, 3, 6], Inverse:22
User 17807: [3, 2, 5, 5, 5, 1, 5, 4, 3, 2], Inverse:22
User 15757: [4, 1, 4, 5, 4, 5, 4, 2, 3, 3], Inverse:22
User 2034: [3, 3, 1, 2, 2, 3, 1, 3, 2, 1], Inverse:22
User 12155: [5, 5, 1, 5, 3, 5, 2, 5, 4, 2], Inverse:22
User 43584: [1, 4, 4, 4, 4, 3, 4, 2, 1, 3], Inverse:22
User 4940: [6, 5, 5, 4, 6, 1, 2, 6, 6, 3], Inverse:22
User 13795: [4, 7, 10, 5, 1, 6, 2, 9, 8, 3], Inverse:23
User 1865: [4, 4, 5, 6, 6, 4, 1, 2, 3, 5], Inverse:23
User 10942: [5, 5, 4, 2, 4, 3, 5, 1, 3, 5], Inverse:23
User 18582: [1, 5, 4, 4, 4, 5, 4, 1, 2, 3], Inverse:23
User 16078: [6, 6, 1, 6, 3, 6, 6, 4, 5, 2], Inverse:23
User 7557: [4, 5, 5, 5, 5, 3, 1, 3, 2, 5], Inverse:23
User 7708: [4, 5, 5, 5, 4, 2, 1, 4, 3, 5], Inverse:23
User 6659: [5, 5, 3, 5, 4, 2, 4, 1, 4, 5], Inverse:23
User 6682: [3, 4, 2, 2, 4, 4, 2, 3, 3, 1], Inverse:23
User 4107: [2, 2, 2, 2, 1, 1, 2, 1, 1, 1], Inverse:23
User 13141: [2, 4, 4, 4, 4, 2, 4, 3, 3, 1], Inverse:23
User 10060: [4, 4, 4, 1, 4, 3, 2, 4, 2, 2], Inverse:24
User 12695: [6, 6, 5, 2, 5, 4, 7, 1, 3, 8], Inverse:24
User 217038: [5, 5, 5, 5, 1, 4, 4, 2, 3, 5], Inverse:24
User 120771: [3, 5, 5, 4, 5, 2, 2, 3, 1, 5], Inverse:24
User 19891: [4, 4, 5, 5, 5, 4, 5, 1, 2, 3], Inverse:24
User 5806: [4, 4, 2, 3, 2, 3, 2, 3, 4, 1], Inverse:24
User 19132: [5, 5, 1, 5, 6, 5, 2, 4, 3, 3], Inverse:25
User 19707: [6, 3, 5, 5, 4, 6, 4, 2, 1, 6], Inverse:25
User 3108: [2, 3, 4, 4, 4, 2, 4, 2, 1, 1], Inverse:25
User 15918: [6, 5, 4, 1, 6, 5, 3, 4, 7, 2], Inverse:25
User 19897: [4, 4, 3, 3, 4, 4, 3, 1, 2, 3], Inverse:26
User 18859: [4, 4, 3, 2, 4, 3, 1, 4, 2, 2], Inverse:26
User 18105: [5, 6, 7, 4, 8, 4, 3, 1, 2, 7], Inverse:28
User 14412: [3, 3, 5, 4, 6, 3, 3, 2, 2, 1], Inverse:30
